128.02070618 -53.73744583 13.113 12.599
128.01593018 -53.6306572 13.356 12.790
127.94070435 -53.62648392 13.747 13.172
128.04640198 -53.69959259 13.994 13.225
127.92448425 -53.62451935 14.740 13.484
127.96009064000002 -53.73087692 14.157 13.529
127.97648620999999 -53.71052933 14.501 13.847
128.03411865 -53.6750412 14.586 14.009
127.92900085000001 -53.6553688 14.720 14.085 
127.97689056000002 -53.68002319 14.842 14.123
127.96629333000001 -53.67569351 14.270 14.497
128.03599548 -53.67905426 15.127 14.509